347.524 -11.420499999999997 -90.4661
354.309 -3.6244000000000014 -92.2993
351.446 -9.7832 -99.4759
353.913 -18.490700000000004 -104.093
352.506 -27.082899999999995 -107.793
356.625 -26.0467 -98.7932
346.489 -23.279399999999995 -99.1309
344.179 -20.422399999999996 -107.927
342.357 -29.892700000000005 -107.214
346.812 -27.643 -115.864
341.954 -19.695499999999996 -117.36
339.759 -10.238799999999998 -117.324
346.208 -11.340200000000003 -110.285
354.558 -4.901299999999999 -109.865
358.993 -13.252699999999997 -110.955
361.139 -23.588499999999996 -110.396
355.7 -27.8896 -118.242
351.887 -19.100300000000004 -113.639
351.515 -10.8232 -119.14
352.941 -20.147999999999996 -123.211
362.362 -21.525099999999995 -127.888
361.561 -18.861199999999997 -118.703
361.312 -8.600299999999997 -120.1
355.093 -1.4960000000000022 -118.284
360.439 3.8267999999999986 -110.268
366.546 -1.2126999999999981 -103.036
366.788 -2.9635000000000034 -112.78
367.691 -12.550800000000002 -114.533
367.259 -16.772099999999995 -105.633
360.521 -10.067900000000002 -102.634
357.025 -0.47870000000000346 -101.695
347.067 -2.426400000000001 -104.795
350.593 4.322000000000003 -110.431
347.98 4.067599999999999 -120.823
345.43 -3.4555000000000007 -115.011
338.178 -6.030799999999999 -107.745
341.5 -12.017800000000001 -101.65
333.265 -14.338099999999997 -108.229
335.128 -23.739599999999996 -109.322
335.355 -24.824799999999996 -100.312
