370.895332 -2.867397 11.035083 
373.936012 -9.925513 5.548590 
368.982779 -15.204870 11.514942 
379.014406 -18.348324 11.263517 
377.939977 -28.117269 8.057484 
387.703753 -27.693930 9.042915 
393.911547 -34.560291 2.584293 
396.716309 -25.341429 3.140074 
391.781920 -16.770528 1.341711 
395.290590 -13.615220 -7.581109 
404.916004 -11.609462 -9.713097 
401.528333 -13.079526 -0.493916 
402.304839 -20.125466 -6.837498 
398.833276 -16.968368 -15.632231 
391.972990 -15.254988 -24.185616 
398.661243 -8.098426 -19.984274 
394.379632 -4.999128 -28.384300 
385.784062 -8.368821 -24.591752 
380.777478 -3.521545 -18.234510 
381.146616 5.565575 -20.064140 
385.281414 0.629602 -27.228566 
377.497404 -4.085739 -27.362144 
368.641206 -8.907915 -26.742636 
373.707239 -9.703623 -18.223349 
374.216665 -16.533595 -12.174912 
382.377115 -15.942671 -17.716612 
386.161860 -16.223579 -8.948666 
383.890168 -26.462996 -9.928179 
389.888436 -32.346245 -14.717476 
398.713842 -27.198352 -14.832909 
399.186398 -22.875112 -24.639596 
389.859861 -26.805646 -23.691981 
390.658357 -21.155537 -15.718625 
390.510821 -10.667965 -15.470219 
386.165036 -6.208634 -9.305921 
392.499793 -4.976574 -1.260654 
391.755337 2.994290 3.522401 
391.011716 9.499209 -2.727333 
381.489003 10.134217 0.513880 
385.045974 1.920339 -4.125007 
379.282159 6.937001 -9.743068 
389.841848 6.449013 -12.494895 
391.765203 -1.367836 -18.163734 
397.092895 -4.908805 -10.906698 
402.920831 -4.015391 -1.959123 
400.448096 -2.865629 7.714236 
396.862966 -13.143598 7.676069 
390.636352 -16.705832 14.830186 
390.597227 -7.997535 19.430239 
385.646975 -0.011260 15.406372 
378.262503 -6.837954 14.420907 
383.859698 -10.655595 6.494514 
391.198174 -4.493706 8.670152 
383.530214 -0.224151 5.514791 
375.505085 -2.656314 -0.486721 
381.156429 -11.016592 -2.401524 
371.092933 -13.019726 -3.205010 
362.939496 -11.377415 2.731743 
365.033391 -20.549249 -3.044562 
371.624150 -21.261761 4.322026 
369.744612 -29.273866 -1.127783 
377.386523 -32.452084 -5.478786 
386.986821 -37.573982 -4.532379 
395.345663 -32.844542 -7.922411 
392.343837 -23.706818 -7.609195 
386.631391 -28.670713 -0.995629 
381.346999 -20.660364 1.990730 
375.913276 -23.459954 -4.691389 
371.532828 -27.269568 -12.187412 
379.858928 -24.979261 -18.152138 
383.655427 -20.363234 -26.884487 
376.898506 -14.248382 -26.130194 
370.554701 -19.717977 -21.460037 
362.950194 -14.054630 -18.234759 
356.201399 -15.145981 -10.632648 
364.486412 -8.981324 -9.841066 
363.721739 -4.682941 -17.869300 
372.058834 -0.340313 -20.539091 
366.116960 5.116830 -14.885241 
372.444155 -2.194683 -10.592486 
